01-Mar-19 08:23:43 196740.8162 106432.3499 7.077251747 155.505623 85.73732397 59.23158307 16.87589486
01-Mar-19 08:26:45 193098.1819 106446.0997 10.22998648 147.4779569 86.98903466 142.0749384 22.4676921
01-Mar-19 08:29:47 196082.2617 106554.6217 7.034629484 147.3296926 5.738340001 173.4232066 18.97204125
01-Mar-19 08:32:49 193829.6888 106364.0328 10.6517487 21.22118727 30.39735483 12.68634053 22.4847556
01-Mar-19 08:35:51 196883.9525 106463.2432 10.13784705 130.240842 48.58562645 153.1849364 26.92797469
01-Mar-19 08:38:53 193396.6456 106546.6337 7.899070205 50.16624091 40.18244761 179.942357 16.91317989
01-Mar-19 08:41:55 192285.4349 106425.1825 10.94090682 74.42530996 8.25815324 79.60175506 18.09127333
01-Mar-19 08:44:57 195986.3861 106546.2897 7.161053857 64.52213274 48.49746999 58.48427704 23.66187733
01-Mar-19 08:47:59 195210.7837 106354.9956 7.397054042 155.3487082 175.4778754 36.99079865 21.02643876
01-Mar-19 08:51:01 194857.4914 106437.921 9.710767108 5.822136624 19.02536584 21.45292097 18.91136048
01-Mar-19 08:54:03 194720.1046 106355.0431 9.312494918 38.57211779 59.2648256 99.57156287 23.08774178
01-Mar-19 08:57:05 194685.8323 106347.8597 9.741195029 34.33554866 40.78619126 45.34383721 18.54983486
01-Mar-19 09:00:07 192386.7191 106559.009 9.126761624 108.8169564 76.93637912 128.8418353 25.37699343
01-Mar-19 09:03:09 193314.2576 106421.4026 8.155708438 173.0768733 88.83762819 58.84774761 19.55384062
01-Mar-19 09:06:11 194352.2115 106368.4082 7.501602955 103.0143973 143.5875374 166.2464584 27.97192764
01-Mar-19 09:09:13 197227.9422 106528.4364 7.418018674 64.62034288 138.8351394 166.0781451 17.00788519
01-Mar-19 09:12:15 197661.5047 106342.2501 8.763889017 111.3009956 48.51266953 22.5750436 18.64850235
01-Mar-19 09:15:17 196831.4425 106442.7556 9.074123622 16.61144989 131.5243818 173.8327279 25.07407846
01-Mar-19 09:18:19 196758.4988 106369.547 10.36608362 136.3731949 94.06226075 177.570977 19.783692
01-Mar-19 09:21:21 192950.4044 106431.7361 7.458672762 94.27557585 116.3600353 155.3975924 18.62974309
01-Mar-19 09:24:23 195023.6766 106414.1722 9.874224586 168.6629778 149.0105928 97.82940188 25.62406163
01-Mar-19 09:27:25 193575.0549 106362.5085 9.135970873 11.40570712 38.82598615 40.54677601 16.04876846
01-Mar-19 09:30:27 197235.089 106348.5383 10.71299123 144.602438 154.0300734 85.30487781 19.6186333
01-Mar-19 09:33:29 194124.1869 106562.2999 10.60514545 86.91185821 66.32784337 70.46508106 21.13567074
01-Mar-19 09:36:31 193215.0617 106509.8402 10.52046441 52.51967073 162.2075161 17.36641295 24.38868084
01-Mar-19 09:39:33 196606.3125 106470.1277 7.111392806 12.70707859 142.6260188 145.1122319 28.39566768
01-Mar-19 09:42:35 196671.136 106345.2463 7.076212184 83.09727679 47.94992581 132.0288534 25.5166112
01-Mar-19 09:45:37 193968.5449 106403.4934 9.877772207 48.14325519 117.8288532 13.46142324 21.74934626
01-Mar-19 09:48:39 195569.0897 106411.1646 7.675878111 5.240537329 92.37490544 62.13398238 25.86270078
01-Mar-19 09:51:41 197734.5504 106402.3637 8.217466422 60.8982133 124.5053137 150.1149306 19.28614695
01-Mar-19 09:54:43 193906.5021 106343.4394 8.294352016 143.7014899 52.65927302 117.9884215 26.93327443
01-Mar-19 09:57:45 195960.8846 106402.1244 7.311923256 155.1309087 128.3481732 116.6117561 28.01996656
01-Mar-19 10:00:47 192520.5547 106405.3278 7.137465523 31.75254984 90.99507 143.0549423 23.68031851
01-Mar-19 10:03:49 194952.4633 106474.0631 7.225306383 38.27350089 62.41929546 140.9200805 20.04087636
01-Mar-19 10:06:51 196176.879 106489.6015 9.6848188 138.4917442 24.9947633 36.44548744 27.68859757
01-Mar-19 10:09:53 197546.0198 106578.9093 7.422361628 66.41187678 33.8981498 58.90821243 28.59575849
01-Mar-19 10:12:55 193721.6212 106351.7094 10.03065379 0.092950858 2.20398289 39.96638704 21.16006181
01-Mar-19 10:15:57 192113.9335 106564.7387 8.905488634 1.067464509 165.5845671 169.943599 18.93121552
01-Mar-19 10:18:59 194760.9417 106500.4572 10.81418709 173.6918236 113.8104176 67.96705782 21.09176046
01-Mar-19 10:22:01 196983.0816 106505.2495 8.363209794 171.5895534 142.7366168 6.34267351 28.95232464
01-Mar-19 10:25:03 194125.9179 106429.809 7.82892437 79.21755709 39.07300099 179.445673 17.6034596
01-Mar-19 10:28:05 197976.043 106378.4549 9.043388687 59.73280355 167.2368334 136.3515105 21.37883675
01-Mar-19 10:31:07 193736.7795 106545.0084 7.569166746 9.029798254 38.25907723 148.2286915 21.56457858
01-Mar-19 10:34:09 195783.2372 106442.5788 9.075429812 119.7082372 113.6652377 106.3539186 22.41388141
01-Mar-19 10:37:11 192751.5029 106565.2922 10.22525013 68.07365686 88.7563549 174.0346039 16.86376316
01-Mar-19 10:40:13 194693.236 106534.7188 10.18227091 96.35629425 98.11527319 155.5555736 21.9032977
01-Mar-19 10:43:15 192190.5678 106398.6791 10.17683803 160.4394754 149.3974744 136.0819861 23.69727501
01-Mar-19 10:46:17 197135.2189 106324.9101 8.574570725 123.3816302 158.4521981 177.8122531 26.33735037
01-Mar-19 10:49:19 193779.857 106485.133 10.81218814 97.67194033 149.1667854 54.86734463 24.58553057
01-Mar-19 10:52:21 195495.7918 106424.2934 8.18183209 102.5235999 6.78413928 135.9496851 24.97499722
01-Mar-19 10:55:23 195905.0097 106452.2419 10.93069315 30.25038951 4.071325948 127.3956636 23.8079603
01-Mar-19 10:58:25 193093.3615 106531.56 8.156386669 27.07086331 64.80680954 42.62097723 23.71682384
01-Mar-19 11:01:27 196128.072 106463.5847 8.678717854 147.9423418 104.5944184 106.7169053 20.61307888
01-Mar-19 11:04:29 192995.9518 106444.8177 9.163653124 91.45758782 88.96929312 151.8026151 19.1491941
01-Mar-19 11:07:31 196914.4397 106340.389 9.459410233 135.0413273 113.333633 62.49599254 25.98773731
01-Mar-19 11:10:33 193397.9235 106546.0239 10.59304151 43.92440069 27.82322132 161.1465923 24.09637043
01-Mar-19 11:13:35 197704.1659 106518.8401 10.93075909 110.4425758 50.61558729 40.80514129 28.31951693
01-Mar-19 11:16:37 197148.9389 106543.5076 10.99123998 167.6490103 98.5407186 86.12352001 19.36396054
01-Mar-19 11:19:39 193911.8225 106408.1037 7.448673999 9.587385246 70.06290084 107.7777681 27.59478994
01-Mar-19 11:22:41 196390.4675 106386.0552 9.109588115 2.608948116 155.8324235 4.883616564 27.97355498
01-Mar-19 11:25:43 193366.854 106418.034 10.04647478 173.7843372 114.5225143 52.51912045 26.06439538
01-Mar-19 11:28:45 193514.3275 106552.8362 10.30391082 71.36232389 131.835217 25.90544526 16.05001492
01-Mar-19 11:31:47 197818.8773 106462.7337 9.403254749 7.755445133 35.95881643 26.06233878 16.59100919
01-Mar-19 11:34:49 194512.8637 106568.6608 10.52555331 21.988122 94.37584343 25.45404927 21.8767455
01-Mar-19 11:37:51 194458.9389 106337.3889 9.538522411 98.42198775 130.5206651 49.12787427 26.55621031
01-Mar-19 11:40:53 195713.9275 106505.3732 9.697205741 10.86235723 158.4027335 172.5592367 28.47812867
01-Mar-19 11:43:55 196692.8995 106399.427 10.79220468 2.665159868 93.94273198 144.0079849 16.8790666
01-Mar-19 11:46:57 196424.4721 106340.0444 10.91426767 120.5380564 28.8695066 10.5249687 24.03830034
01-Mar-19 11:49:59 196543.4432 106394.2987 9.048338759 166.3314031 58.73416465 138.963798 16.75258059
01-Mar-19 11:53:01 193304.8114 106485.2951 8.378067851 61.03217385 85.95140946 81.62169822 18.56438834
01-Mar-19 11:56:03 196626.7313 106387.2398 8.324693696 86.08175871 58.93184994 119.8510627 27.95891231
01-Mar-19 11:59:05 194844.9342 106370.9052 9.15969058 137.2275362 150.0655231 125.8307625 23.47999563
01-Mar-19 12:02:07 197080.5511 106492.8722 10.99845498 94.14541546 21.43267395 159.5380107 26.17171034
01-Mar-19 12:05:09 193632.1958 106574.5209 8.474174863 1.075250717 78.66177638 106.4827732 19.79452553
01-Mar-19 12:08:11 194671.3891 106335.2411 8.010540131 72.22089022 176.1139031 132.8232512 25.10222756
01-Mar-19 12:11:13 192301.3527 106326.5046 10.76797546 72.24712646 96.60613499 27.46032832 20.36821429
01-Mar-19 12:14:15 195971.6824 106359.3315 8.518670975 155.2718406 179.2377397 158.4942292 23.76690759
01-Mar-19 12:17:17 195355.4548 106432.4788 10.38396676 26.5926149 124.2795633 63.54316504 18.48637988
01-Mar-19 12:20:19 193339.7692 106418.4029 8.273488233 31.25331946 72.23693599 151.6801168 28.52192232
01-Mar-19 12:23:21 194975.7949 106472.7023 7.954245127 0.673560564 142.6328877 73.58984969 17.39846658
01-Mar-19 12:26:23 195260.2031 106576.5655 9.388261779 84.07410999 175.0037783 68.9766839 22.09138512
01-Mar-19 12:29:25 197549.3958 106448.1825 10.15247888 33.5958476 159.5322794 30.60488846 17.37222024
01-Mar-19 12:32:27 196742.8722 106495.2936 7.128315838 137.0777511 9.948387953 59.42105324 20.21536535
01-Mar-19 12:35:29 197791.3895 106451.4774 9.629745843 149.8862624 9.384737572 50.73896728 19.34480481
01-Mar-19 12:38:31 193379.0648 106564.5292 8.374304211 133.5012726 14.62327944 37.98942842 17.21816086
01-Mar-19 12:41:33 194620.617 106477.031 8.375641799 102.5566849 22.65369291 163.5991291 18.91906532
01-Mar-19 12:44:35 196938.2292 106524.5497 10.06279138 18.19287025 138.1204431 28.77836851 26.28529319
01-Mar-19 12:47:37 193734.6331 106350.8636 10.95278168 129.0552103 60.91996085 86.57949066 25.24097475
01-Mar-19 12:50:39 197077.4619 106501.7753 8.297380669 2.052623825 166.8626084 143.0354841 26.97199279
01-Mar-19 12:53:41 194391.8524 106534.6493 9.194110865 171.953231 113.0626902 117.531751 27.05493923
01-Mar-19 12:56:43 193998.0496 106517.7542 10.15410718 53.90589416 65.79633331 3.97671117 18.26061592
01-Mar-19 12:59:45 196302.5056 106540.0433 7.884642566 131.4316425 83.31015538 60.21204956 22.9559581
01-Mar-19 13:02:47 192454.3455 106500.1119 9.940253038 151.7490652 72.97342017 146.8536409 24.13303866
01-Mar-19 13:05:49 196180.0485 106417.6579 10.39164981 108.8230044 9.773563138 22.58243692 24.70943251
01-Mar-19 13:08:51 195169.8943 106499.9688 10.08906737 9.30827709 15.49604643 154.94702 22.9202284
01-Mar-19 13:11:53 197084.1464 106530.6505 7.248893397 56.91928271 132.5651173 95.52867867 22.05496113
01-Mar-19 13:14:55 197309.8556 106482.6557 9.96581288 31.83092932 38.49422735 29.16497747 22.10155317
01-Mar-19 13:17:57 197547.3323 106544.8771 10.59772932 59.95458808 9.616865303 96.60937972 19.42461714
01-Mar-19 13:20:59 192158.7817 106519.1943 10.21537407 23.43553086 58.17059324 21.32334432 22.39260075
01-Mar-19 13:24:01 193013.8722 106352.0847 7.528448403 137.6282143 94.17633425 176.0321599 23.95718287
01-Mar-19 13:27:03 194261.7362 106369.7626 10.38703874 180.4665147 28.33149827 51.45561313 27.77996231
01-Mar-19 13:30:05 196997.2281 106341.9671 8.129093936 147.2327462 92.72264081 86.11264218 22.37418251
01-Mar-19 13:33:07 197163.3743 106440.4153 7.743814868 145.6349252 94.19951725 127.8004142 17.27940538
01-Mar-19 13:36:09 197905.3505 106401.4642 10.69347464 126.9656304 122.8000555 174.9218569 28.75607545
01-Mar-19 13:39:11 195938.0211 106365.9088 8.515703178 66.659518 151.2307852 37.9774705 16.36913945
01-Mar-19 13:42:13 193540.8916 106540.3677 7.228428311 161.558716 8.03664319 57.45483126 19.5280308
01-Mar-19 13:45:15 192130.617 106505.2908 8.423871145 170.0150001 5.69969395 125.5325829 28.49793704
01-Mar-19 13:48:17 196971.3841 106407.7877 7.148316852 23.79545916 100.6717688 49.02100603 27.16295632
01-Mar-19 13:51:19 193155.2531 106494.3952 10.90330114 10.05584211 2.764771069 92.003442 21.29377609
01-Mar-19 13:54:21 197674.5709 106415.3533 10.98584013 70.49077925 132.5203915 124.0521542 17.3530922
01-Mar-19 13:57:23 195502.254 106426.4074 9.782052751 72.70357065 164.1435615 79.32617907 16.07741822
01-Mar-19 14:00:25 192538.5578 106353.0468 9.636201986 9.977288742 28.04660435 56.32231129 22.25962533
01-Mar-19 14:03:27 195107.3438 106503.553 8.252793203 117.935826 126.3088411 53.25963497 20.61522801
01-Mar-19 14:06:29 194945.3176 106410.5711 8.97508172 104.7068637 128.1608595 127.5416617 19.91666512
01-Mar-19 14:09:31 194401.7052 106326.9586 10.5344249 35.4259066 139.7866214 63.56700734 16.19150624
01-Mar-19 14:12:33 196094.5534 106554.6868 9.514288736 147.5873154 100.1790062 12.75094937 25.45177697
01-Mar-19 14:15:35 197343.7838 106447.1667 10.76583528 18.20080036 140.0251145 93.32346504 16.60974512
01-Mar-19 14:18:37 192396.0419 106447.0472 10.5210859 162.7251266 123.5888865 66.61144919 23.6345666
01-Mar-19 14:21:39 197292.3573 106389.3557 9.097197131 42.82877952 107.2210514 88.7758809 18.84632352
01-Mar-19 14:24:41 195140.1391 106529.6472 7.58161492 11.85974699 33.10093159 14.49492262 17.48773177
01-Mar-19 14:27:43 197502.7955 106446.616 10.77622948 159.4242235 152.6484841 153.5095708 17.58029937
01-Mar-19 14:30:45 193553.7678 106433.8416 8.009145247 55.33814468 177.8087274 163.3495166 28.10334153
01-Mar-19 14:33:47 197269.8377 106505.729 9.578570647 45.21338156 125.4480977 68.09022828 21.60429103
01-Mar-19 14:36:49 194773.0593 106457.9098 8.649925307 157.0249973 7.825822057 40.31111478 23.00758884
01-Mar-19 14:39:51 195624.5006 106365.9213 10.65659805 113.8782715 123.7670679 11.54344567 27.25600155
01-Mar-19 14:42:53 192514.3393 106343.671 10.51344007 134.4063012 122.206111 106.5217937 19.20044226
01-Mar-19 14:45:55 197102.8907 106424.631 9.380992946 175.118719 78.75192217 11.96317424 16.51771549
01-Mar-19 14:48:57 192277.437 106572.1083 8.867726242 33.51540813 170.5438321 28.10762675 19.53657343
01-Mar-19 14:51:59 197479.6725 106503.7796 9.414688103 89.63144884 32.2116377 61.63783569 16.66784734
01-Mar-19 14:55:01 197771.3181 106446.0633 10.21351333 168.4328309 57.92918681 52.49496229 24.94758848
01-Mar-19 14:58:03 194577.8356 106409.8301 8.406690412 106.7929734 17.26875033 42.29291092 26.13247205
01-Mar-19 15:01:05 195478.0955 106324.069 9.641528914 71.42941923 123.5246144 158.8088198 23.97569112
01-Mar-19 15:04:07 197582.0109 106572.6283 9.519928084 120.7432963 151.4307575 170.9892861 23.40604905
01-Mar-19 15:07:09 194212.3446 106379.5546 9.497967513 143.3388424 12.89417967 21.22255851 20.5425486
01-Mar-19 15:10:11 197100.0878 106555.4122 7.140501108 156.3098508 11.97572973 176.2203594 28.98918661
01-Mar-19 15:13:13 194509.7855 106449.8757 9.492697179 150.9466024 88.89097332 105.523023 18.57542289
01-Mar-19 15:16:15 196970.7743 106506.0508 8.202347026 28.43949921 50.09510668 114.982783 19.90715781
01-Mar-19 15:19:17 194565.7456 106348.6946 10.70773897 77.80079269 176.3237831 78.72548368 22.35923351
01-Mar-19 15:22:19 196732.1341 106415.41 8.289395063 49.29671069 73.50306656 39.77911081 26.76051436
01-Mar-19 15:25:21 192828.4111 106462.8608 10.51491275 143.5860372 97.98824971 98.86982289 16.30198841
01-Mar-19 15:28:23 196788.0283 106359.6965 10.17843927 48.65610286 171.6945727 31.97866237 24.79745867
01-Mar-19 15:31:25 194681.564 106335.4338 9.459745024 12.99160002 44.47606733 88.51830469 24.20867474
01-Mar-19 15:34:27 194124.8371 106388.3948 7.584919074 93.49726574 119.4049763 39.43988212 19.31217215
01-Mar-19 15:37:29 196233.4095 106404.8234 9.811382892 87.44394078 128.7561367 115.8289253 26.32164683
01-Mar-19 15:40:31 193160.3872 106401.5196 8.085124237 41.32133528 92.6658033 173.700794 16.23703035
01-Mar-19 15:43:33 197294.2559 106349.0504 10.716541 2.889713578 102.0409389 93.8330543 19.81036203
01-Mar-19 15:46:35 192197.1172 106354.7242 7.418429404 50.5972167 123.7606674 158.692787 28.38508152
01-Mar-19 15:49:37 196133.2134 106343.6446 10.40786572 175.2352251 25.14383458 114.8888293 23.34011654
01-Mar-19 15:52:39 195062.0346 106388.5163 7.801569833 56.96793695 150.0893705 107.9573583 21.3267383
01-Mar-19 15:55:41 193455.2286 106476.4878 10.88225163 20.34415837 113.9515487 126.3399094 25.01352059
01-Mar-19 15:58:43 194658.5735 106413.5208 7.01650205 73.66452548 92.55003663 38.77293999 22.65959438
01-Mar-19 16:01:45 193010.9541 106495.2429 8.208215941 99.8560968 146.899309 124.1167902 21.61369717
01-Mar-19 16:04:47 193298.2005 106323.733 7.655587055 85.06454092 12.53522074 70.69235729 25.78019968
01-Mar-19 16:07:49 192976.0738 106527.9148 10.34156876 136.9450383 160.2317697 128.5586009 23.95314998
01-Mar-19 16:10:51 196415.7046 106527.3551 9.54032626 19.32045885 85.16600583 129.9359661 26.80951316
01-Mar-19 16:13:53 198000.0936 106434.4954 10.28171141 5.561392865 14.99610155 151.3979218 16.22422801
01-Mar-19 16:16:55 194684.3141 106437.261 7.122792313 87.41062437 23.66534058 168.1387379 16.65818387
01-Mar-19 16:19:57 196539.2503 106362.5946 9.851293032 159.8826684 139.3874933 41.6387256 27.472003
01-Mar-19 16:22:59 197814.2949 106503.7474 9.787210312 23.79735773 93.47470286 120.3208141 21.90508749
01-Mar-19 16:26:01 197621.5884 106579.7329 7.216079113 18.57264781 78.37279753 134.1265953 25.33307263
01-Mar-19 16:29:03 195072.0347 106440.1562 7.548323461 109.5179164 172.6468567 15.5417725 17.11928073
01-Mar-19 16:32:05 192212.5815 106442.342 7.628217765 174.4556074 120.4625108 165.9547917 19.01709978
01-Mar-19 16:35:07 193323.0927 106510.8748 8.167668722 120.2599366 156.1599639 51.04119803 18.32486016
01-Mar-19 16:38:09 196758.1636 106546.9304 8.021690298 83.43150162 132.0878537 11.82082699 21.36595219
01-Mar-19 16:41:11 194691.4254 106340.8258 7.992296062 57.5990745 115.6419351 90.98766903 18.50456214
01-Mar-19 16:44:13 195140.9975 106556.4481 9.370061421 46.80796447 75.84350574 160.0535767 18.52457199
01-Mar-19 16:47:15 192799.4034 106400.7613 10.37690643 160.8773561 79.02305861 20.3172977 16.28433205
01-Mar-19 16:50:17 196354.6187 106483.4752 7.078845787 178.7023567 72.55219143 118.7035296 23.38855596
01-Mar-19 16:53:19 194209.6289 106332.7211 7.289557791 167.0894943 58.68177347 69.2128956 24.23605153
01-Mar-19 16:56:21 192426.3835 106324.7412 10.06720166 33.27041306 12.04525344 160.5560306 21.32854615
01-Mar-19 16:59:23 193945.926 106389.9513 10.22340903 110.7774683 99.73315414 159.2203858 17.68796797
01-Mar-19 17:02:25 192581.6152 106328.9716 7.668863192 81.43331143 65.73134899 99.34616517 19.38479079
01-Mar-19 17:05:27 194660.0691 106422.1655 7.721413534 117.133695 154.7459539 88.23490485 24.97367519
01-Mar-19 17:08:29 193025.645 106461.5315 10.8928408 7.354339358 83.20248584 84.10243304 20.58852382
01-Mar-19 17:11:31 195342.321 106457.2885 8.356910039 41.28910966 134.0772011 60.3870509 24.27359041
01-Mar-19 17:14:33 197234.7334 106441.9247 9.914052642 166.9762727 149.306993 57.99960147 20.44349257
02-Mar-19 09:15:00 192343.892 106377.076 9.06317773 177.1676027 53.70125577 114.5252759 27.13935501
02-Mar-19 09:17:21 196933.138 106400.4361 8.989884959 40.60687014 65.65233573 29.44960044 22.93831604
02-Mar-19 09:19:42 197976.8411 106331.4896 7.179747457 52.4176747 21.69856926 42.55277608 27.51849247
02-Mar-19 09:22:03 193635.431 106412.7507 10.44619518 125.8237886 177.4812957 158.5016149 25.28941295
02-Mar-19 09:24:24 192119.9133 106488.889 8.447157069 69.09593549 69.97954829 103.9088276 21.59143284
02-Mar-19 09:26:45 194628.3813 106325.36 10.78383322 57.28897812 11.38646746 13.60838401 27.79775993
02-Mar-19 09:29:06 195967.5161 106429.1629 7.134154029 90.04575834 121.4995345 138.3791773 16.15444626
02-Mar-19 09:31:27 193602.9015 106373.8412 9.876465278 86.88266195 68.66233139 95.78374619 23.63202742
02-Mar-19 09:33:48 197598.4116 106351.9415 8.901531914 29.49636216 0.72816068 178.1093272 21.45848784
02-Mar-19 09:36:09 193670.3575 106416.7233 9.281761802 17.90129109 19.98129887 83.16915942 28.87248087
02-Mar-19 09:38:30 195586.7343 106572.0456 7.599128249 83.34880153 57.21872435 56.06316066 28.88491227
02-Mar-19 09:40:51 197136.208 106352.113 8.159515937 31.64872962 75.75953848 160.3216116 23.1916525
02-Mar-19 09:43:12 197371.2028 106481.7581 9.128549519 130.2612995 120.2710845 125.4720659 28.66793373
02-Mar-19 09:45:33 194526.0265 106567.04 7.552753281 164.1153374 50.75817864 62.51844634 18.47546489
02-Mar-19 09:47:54 197027.6245 106408.562 10.54818713 173.1539596 114.4493547 64.2450268 18.95352132
02-Mar-19 09:50:15 192563.5699 106355.0812 8.767328638 12.73531916 52.42301176 70.98219387 28.79812749
02-Mar-19 09:52:36 195114.3706 106498.6318 9.80231715 1.102713674 114.7572738 159.9930851 16.94467201
02-Mar-19 09:54:57 194002.9335 106532.4509 7.871032851 41.72727437 69.40835981 118.5363604 16.61944945
02-Mar-19 09:57:18 192868.5317 106399.3298 10.93695928 110.0297288 48.50496348 105.4972781 18.95584398
02-Mar-19 09:59:39 195244.8581 106443.3846 9.192927039 8.865264885 57.64305801 59.84345088 17.91405888
02-Mar-19 10:02:00 197731.4956 106565.0276 8.790845034 85.81392636 131.6338107 39.47711684 26.72718529
02-Mar-19 10:04:21 197948.4027 106532.8998 7.723279715 71.53482756 83.2501433 13.09984634 21.89719726
02-Mar-19 10:06:42 197559.8029 106425.7552 8.916446889 6.875918777 12.05510181 64.61993423 18.85015924
02-Mar-19 10:09:03 192839.5794 106577.0553 8.855498658 124.7115508 1.634715412 91.28871201 28.58210495
02-Mar-19 10:11:24 193768.8954 106327.3882 10.67093934 0.595555413 62.50180795 85.55070109 23.44338316
02-Mar-19 10:13:45 196720.334 106567.0947 8.303187759 158.1939355 94.15258818 89.72461036 27.9835339
02-Mar-19 10:16:06 196973.3607 106567.9448 10.91788372 147.384063 36.67509044 87.12256146 16.78339215
02-Mar-19 10:18:27 193540.2028 106426.3963 7.084601341 59.53155734 82.74527212 4.03911922 23.34616044
02-Mar-19 10:20:48 192113.0135 106467.9362 9.285542584 31.41861682 134.9776493 177.3541237 26.7718558
02-Mar-19 10:23:09 193351.8502 106372.0609 8.904820215 49.23305436 1.787463573 93.7451818 24.57390061
02-Mar-19 10:25:30 195509.9799 106520.8012 10.94258214 157.6429193 33.3547687 102.018741 16.66467204
02-Mar-19 10:27:51 197539.0741 106326.6808 8.764057862 95.30274997 69.12638961 65.39944868 26.14369585
02-Mar-19 10:30:12 193775.8119 106331.0074 9.931682384 58.0238254 39.73363652 71.17093894 23.85874146
02-Mar-19 10:32:33 196642.1766 106420.7532 9.652199275 158.1104396 70.80352179 105.7791216 18.75878531
02-Mar-19 10:34:54 196330.497 106431.208 9.797452064 95.71627478 133.0245386 144.9886436 23.28803791
02-Mar-19 10:37:15 195218.6642 106388.8823 7.180480776 94.46321003 161.9955388 92.95145679 24.92716319
02-Mar-19 10:39:36 197368.0009 106562.4817 9.819743597 10.51090344 164.5627306 19.03133151 22.96672761
02-Mar-19 10:41:57 194239.8233 106449.4091 9.004830031 71.70810059 45.12460617 13.18543688 25.5473147
02-Mar-19 10:44:18 196544.5276 106553.8363 9.264058568 4.789554261 40.9822412 9.779800898 20.82981324
02-Mar-19 10:46:39 196026.3725 106480.1637 7.114288162 68.07999778 34.76968272 37.35197049 26.84703948
02-Mar-19 10:49:00 195212.622 106541.3523 8.881655111 83.55720472 85.78967965 170.0330215 28.00370605
02-Mar-19 10:51:21 196442.9595 106353.3959 8.407808194 89.73917318 19.51168822 128.1985531 28.08603149
02-Mar-19 10:53:42 192682.723 106409.6541 8.100774287 58.05473438 118.9682815 95.26254775 18.89059385
02-Mar-19 10:56:03 195481.5581 106378.1368 10.84264959 28.88033848 162.0281435 180.1457472 27.86778225
02-Mar-19 10:58:24 192782.9887 106462.9195 9.401613456 160.674026 83.19699835 79.95409928 20.05930816
02-Mar-19 11:00:45 194778.8045 106445.4394 9.105880659 98.40121202 127.1557024 80.11659399 19.80846446
02-Mar-19 11:03:06 192763.1001 106392.4749 10.33072834 36.88095753 170.8091254 20.69121386 27.59774937
02-Mar-19 11:05:27 194766.3322 106426.1766 8.745001233 41.67781713 97.30282314 3.891742483 22.62402894
02-Mar-19 11:07:48 196009.5576 106479.7963 9.999492432 103.5439883 57.49316354 140.6327604 18.00239186
02-Mar-19 11:10:09 195150.0745 106523.6611 8.959169407 0.288043091 69.22599239 7.979423508 26.06479567
02-Mar-19 11:12:30 194444.0036 106414.2384 10.72949049 140.2923225 116.143533 119.5342105 18.83083641
02-Mar-19 11:14:51 196826.9558 106377.3573 10.44187469 115.5919845 10.81257801 130.70912 25.0808533
02-Mar-19 11:17:12 196868.016 106510.9734 9.325910648 131.5018112 127.1665947 153.7139689 16.34739487
02-Mar-19 11:19:33 192143.2832 106516.7631 8.254431392 33.32987607 128.6579797 31.94883041 23.64231797
02-Mar-19 11:21:54 197245.308 106563.7149 8.907540387 108.3063082 61.87038363 85.14306329 25.59755847
02-Mar-19 11:24:15 192300.4552 106398.5876 9.193680073 146.9038073 106.709923 145.4600013 18.31779475
02-Mar-19 11:26:36 193867.2457 106566.6089 7.658859817 24.95829567 24.48368702 164.5123687 26.40663683
02-Mar-19 11:28:57 196297.6257 106409.2178 8.644836368 17.21326641 122.9036529 62.59217313 18.10739605
02-Mar-19 11:31:18 194327.2069 106421.3865 10.87019599 143.8748647 123.0045776 177.1420964 22.44343709
02-Mar-19 11:33:39 195471.7577 106376.3497 9.817343511 166.8800624 58.85258376 102.2874488 16.75579082
02-Mar-19 11:36:00 192226.6364 106557.4186 10.83354702 164.0175937 86.8568244 155.7719791 19.00186705
02-Mar-19 11:38:21 196786.3718 106532.1938 7.489320104 26.88994247 153.2516983 34.75208036 27.38654887
02-Mar-19 11:40:42 193343.845 106545.8604 7.955972596 90.13266391 117.4189469 121.5491148 25.71802934
02-Mar-19 11:43:03 192562.4768 106438.2355 8.756316921 141.2444542 153.9077423 17.71898444 23.52791931
02-Mar-19 11:45:24 197395.86 106369.772 8.214976332 79.55512878 56.11701408 172.4776725 25.26458509
02-Mar-19 11:47:45 197594.0693 106414.3886 10.61664725 125.7612579 138.0101042 157.7722893 16.1317746
02-Mar-19 11:50:06 195967.1886 106361.724 9.301067733 158.027553 10.10080627 22.40148364 18.930248
02-Mar-19 11:52:27 192253.6625 106342.118 9.781093268 94.55681462 37.74294817 0.23044838 21.92870755
02-Mar-19 11:54:48 194650.5311 106446.5976 9.828299237 132.2150989 110.5572227 22.36652653 17.78861935
02-Mar-19 11:57:09 197836.2768 106525.958 9.586975778 84.86322726 29.26112832 84.20992615 24.23030241
02-Mar-19 11:59:30 197520.7434 106325.6092 9.953298159 163.3543609 44.99395402 141.4457039 25.99179186
02-Mar-19 12:01:51 193780.0981 106444.6678 8.319699005 48.69968924 84.03324105 105.7943566 17.99578902
02-Mar-19 12:04:12 195908.8144 106353.5571 7.46323428 70.75919138 8.693897921 58.93425446 20.2797661
02-Mar-19 12:06:33 192885.9214 106510.3882 10.05585494 168.9596621 74.17220406 33.68842831 27.19250477
02-Mar-19 12:08:54 195970.4725 106427.0375 7.275924798 51.39107505 94.2011864 126.4696209 19.15904941
02-Mar-19 12:11:15 194427.8265 106365.3279 10.73702661 20.94974046 119.4549709 91.16582088 23.3065306
02-Mar-19 12:13:36 195445.562 106433.4214 8.319499441 140.3357566 66.02711644 38.91390287 22.64959929
02-Mar-19 12:15:57 192663.8455 106387.3732 10.58493793 9.420117903 66.87652485 57.21031296 26.76847431
02-Mar-19 12:18:18 194750.7422 106413.0454 9.643497059 43.60255678 138.8172468 43.13918638 28.53635456
02-Mar-19 12:20:39 194234.5456 106425.9313 8.09085224 35.00785295 172.7383646 180.5022048 16.71605421
02-Mar-19 12:23:00 194427.5114 106360.617 10.69145686 35.05869553 96.04648381 57.07223158 18.97737128
02-Mar-19 12:25:21 196543.2108 106352.8134 8.077975066 89.72082127 88.37791978 164.0041792 26.19608204
02-Mar-19 12:27:42 192604.2769 106325.723 9.022774156 64.11385762 118.375843 50.5256928 19.53324075
02-Mar-19 12:30:03 195461.8005 106386.268 10.40457349 103.6925042 26.06156935 113.8993478 20.35977644
02-Mar-19 12:32:24 197785.2686 106380.8684 7.070883353 137.4383096 180.0178728 45.91642588 25.34225494
02-Mar-19 12:34:45 195575.7823 106336.6093 9.747828678 176.9625409 75.26170799 32.83322752 22.71030075
02-Mar-19 12:37:06 195946.776 106357.0434 8.849667946 32.88623249 95.45426808 66.66392508 21.59551611
02-Mar-19 12:39:27 196711.4594 106411.5793 9.690317824 154.1209405 85.05209343 168.6651008 17.19436102
02-Mar-19 12:41:48 196833.3034 106468.4675 9.796613578 89.13521543 177.3231764 6.571329459 28.54463646
02-Mar-19 12:44:09 194976.4995 106368.3098 9.82339529 178.1380442 89.44009403 164.1124633 25.51143847
02-Mar-19 12:46:30 194649.9805 106507.6265 7.297652661 129.3455642 91.50051524 115.3088496 24.25747072
02-Mar-19 12:48:51 193983.9593 106371.998 10.02092646 108.4845978 177.3466916 150.6589295 21.98559694
02-Mar-19 12:51:12 197828.5481 106546.6098 10.38613789 126.6851095 135.2929445 131.4337569 19.78133173
02-Mar-19 12:53:33 196181.1084 106473.7351 7.926783403 125.3966513 126.5161676 55.2602873 16.41884396
02-Mar-19 12:55:54 197941.2277 106369.4508 7.009872588 45.20691453 129.7307233 159.1164311 27.07561879
02-Mar-19 12:58:15 193435.665 106568.063 10.02575775 44.60977714 39.40865152 42.9641314 27.74002966
02-Mar-19 13:00:36 194511.7312 106565.694 10.40434141 49.28905746 2.324362119 95.52191272 21.4206216
02-Mar-19 13:02:57 197491.8311 106542.5876 8.652136359 172.6794715 24.8023505 49.99263181 27.92155157
02-Mar-19 13:05:18 195132.3604 106458.8809 10.11662005 99.25155409 147.1259817 108.6631123 24.49240909
02-Mar-19 13:07:39 194692.301 106374.8109 10.19869762 82.56365359 72.81345929 12.07120291 18.21994042
02-Mar-19 13:10:00 196129.5574 106448.7511 10.17805809 75.78091889 104.6832429 89.9512778 24.66001957
02-Mar-19 13:12:21 192279.5475 106342.1958 8.080651776 97.32893116 163.1342459 37.79259891 25.36027222
02-Mar-19 13:14:42 194997.5664 106419.69 7.030630588 152.6453772 7.074270718 137.5126823 23.19875836
02-Mar-19 13:17:03 192444.1053 106369.3153 7.804711246 111.5873566 151.9016109 41.19504273 18.39800998
02-Mar-19 13:19:24 192446.3759 106530.7947 8.94561926 151.3589789 152.3913761 158.703796 16.93437619
02-Mar-19 13:21:45 194318.3169 106441.415 8.83337924 74.58180589 79.10465833 51.8669005 28.99478098
02-Mar-19 13:24:06 197728.2278 106360.8696 8.289368787 103.4846261 2.995210991 89.09531001 18.53654759
02-Mar-19 13:26:27 197691.7371 106494.3452 10.0477359 28.47901148 135.0309027 169.2781938 24.23078464
02-Mar-19 13:28:48 197919.8255 106437.4929 8.841865652 72.70976006 73.79267672 2.682288993 25.96759022
02-Mar-19 13:31:09 196289.4996 106524.0404 10.87586354 102.94389 29.13902808 97.98888525 26.80036934
02-Mar-19 13:33:30 195818.7274 106364.9539 9.211791946 0.838144845 64.6145616 122.3464396 21.53752166
02-Mar-19 13:35:51 192379.2083 106510.3725 8.608682505 120.0558205 104.9803492 64.17186337 20.15734685
02-Mar-19 13:38:12 195348.3195 106375.0907 10.74160653 42.45428219 112.837951 107.9958811 22.55569811
02-Mar-19 13:40:33 193457.7139 106546.2468 10.50751712 114.7529253 171.7928584 109.7184793 23.18037029
02-Mar-19 13:42:54 196787.4047 106491.9895 7.840495119 115.427984 67.93909668 101.4659571 28.91300349
02-Mar-19 13:45:15 194894.2478 106367.4737 8.791807036 119.592759 16.48495222 41.18328704 24.27044622
02-Mar-19 13:47:36 197355.7526 106359.3344 7.86940919 152.219753 104.859034 149.8427073 21.74375649
02-Mar-19 13:49:57 196066.7889 106477.7874 8.43040684 147.4361422 138.7235312 43.4009127 24.75379759
02-Mar-19 13:52:18 195841.691 106420.4181 10.93922625 142.7226874 37.47908513 64.54060827 18.26554822
02-Mar-19 13:54:39 192091.4921 106422.2154 8.683150212 62.55392281 24.98106486 121.1285002 16.75707743
02-Mar-19 13:57:00 193898.7511 106544.0821 9.946474802 96.5351207 103.6886666 17.93275905 20.01941425
02-Mar-19 13:59:21 196838.8477 106533.4377 7.802611993 126.9705178 6.176587743 39.86362627 16.89972992
02-Mar-19 14:01:42 197675.4442 106452.3879 8.51209953 153.1830379 88.94187985 32.34717917 16.80618369
02-Mar-19 14:04:03 193896.5323 106566.8895 9.619829403 0.135628945 136.9756151 83.05908604 23.16679266
02-Mar-19 14:06:24 196730.2779 106505.3209 7.815809168 177.9913223 45.26790344 28.09456995 16.37248518
02-Mar-19 14:08:45 196169.063 106525.3841 7.448759677 116.8762763 11.59109123 86.75255156 25.14031693
02-Mar-19 14:11:06 192556.6628 106528.7574 7.687643271 72.32020062 174.9379446 95.12183292 26.19784691
02-Mar-19 14:13:27 192592.1995 106566.886 9.701613444 88.60120061 44.40944213 52.1553269 27.61240563
02-Mar-19 14:15:48 195016.5961 106521.5625 8.315214199 95.03563249 86.7846681 180.4955271 27.51881743
02-Mar-19 14:18:09 196863.3352 106402.4992 9.487619125 61.44229696 136.7489788 118.9644607 22.76167713
02-Mar-19 14:20:30 193305.9692 106536.2579 10.34780575 46.41209763 19.69801439 10.48602188 17.55767273
02-Mar-19 14:22:51 197190.9005 106505.8576 10.74317021 169.4063733 14.38167408 39.04702994 26.2616513
02-Mar-19 14:25:12 194070.941 106458.1742 9.218863767 3.185952797 168.0604815 103.5193146 21.69225853
02-Mar-19 14:27:33 194827.5488 106431.9717 9.781651151 26.96202252 100.1513024 163.5539188 16.52893947
02-Mar-19 14:29:54 197350.0332 106434.347 10.85561796 148.9257266 103.1879746 26.26119293 18.94771506
02-Mar-19 14:32:15 193676.0453 106395.7302 7.802379237 162.4202041 11.84335198 3.450914972 25.37681884
02-Mar-19 14:34:36 193461.1225 106523.4888 8.65399897 139.2432816 17.38406638 76.41803838 17.49309225
02-Mar-19 14:36:57 192645.8127 106491.3776 10.13383533 125.5008736 176.719074 7.976775055 18.62552964
02-Mar-19 14:39:18 197792.9794 106567.053 7.411894694 91.38449795 9.208614868 126.9448392 20.4041768
02-Mar-19 14:41:39 194941.4825 106341.8759 8.637047827 166.6502739 5.765236031 105.353601 24.83147687
02-Mar-19 14:44:00 193352.174 106509.6696 7.633148701 142.2754713 31.85269122 21.57577122 21.23869206
02-Mar-19 14:46:21 194955.0016 106345.257 9.892960253 139.8156002 57.76941034 131.2143327 24.14635954
02-Mar-19 14:48:42 195998.9028 106495.539 9.858417382 176.5550126 89.50518187 171.8463005 19.13855785
02-Mar-19 14:51:03 194914.5206 106510.092 7.116777269 36.15155091 114.3342434 70.56741158 19.61411747
02-Mar-19 14:53:24 196838.9185 106522.7565 9.254748193 24.21916002 148.4230656 167.1582504 24.86413224
02-Mar-19 14:55:45 195974.0653 106468.6322 10.50997533 44.5230777 40.42014366 73.04703229 16.00424229
02-Mar-19 14:58:06 197616.6686 106326.127 7.529619535 4.971729414 31.06087277 117.0131878 22.79641445
02-Mar-19 15:00:27 194870.1817 106571.5044 7.55165501 135.127083 111.9472736 100.2750372 24.9021627
02-Mar-19 15:02:48 197776.8604 106379.2194 10.5615553 39.32708448 28.42280968 25.80080187 19.23756541
02-Mar-19 15:05:09 192432.9292 106422.9572 8.238868388 88.52658873 52.62858881 49.29611232 27.17864961
02-Mar-19 15:07:30 197981.1909 106452.6569 7.451822604 98.77501261 135.6352702 68.20132817 17.19301746
02-Mar-19 15:09:51 192948.6878 106430.7237 7.555128538 76.7906767 153.4369143 62.70065751 16.08511646
02-Mar-19 15:12:12 195724.5754 106475.0224 7.156155778 20.90467892 141.7871002 2.699956201 20.87352731
02-Mar-19 15:14:33 193284.3085 106448.2071 10.93684443 159.0957262 17.3289565 91.44993628 21.90354319
02-Mar-19 15:16:54 194844.0173 106351.6653 8.653344077 175.1448131 13.23125256 148.0565095 20.18720998
02-Mar-19 15:19:15 196248.2251 106482.6698 7.707469424 37.65296048 133.9853289 47.20334256 24.04334047
02-Mar-19 15:21:36 193562.2345 106505.7338 7.234582572 102.0807058 111.3714488 79.77792317 25.74428749
02-Mar-19 15:23:57 197550.153 106457.4371 10.12281258 8.87980973 36.76484299 68.06289185 24.30423399
02-Mar-19 15:26:18 197821.854 106411.0744 8.660793368 90.80635618 92.31796 13.8509547 16.07242289
02-Mar-19 15:28:39 195655.5508 106324.2175 9.118844246 136.4228936 42.95291648 176.141447 23.40845126
02-Mar-19 15:31:00 192113.4483 106347.4518 7.96173386 82.84873098 70.4482874 132.1062849 26.58598135
02-Mar-19 15:33:21 194715.3703 106434.8644 8.656235299 124.1938454 168.1553885 121.1802309 17.22724589
02-Mar-19 15:35:42 193495.6985 106485.0581 8.266886216 81.49404014 64.51965148 36.55895842 18.76284878
02-Mar-19 15:38:03 193589.8306 106446.1592 8.432476084 109.1792714 53.47370553 127.0075072 16.0590455
02-Mar-19 15:40:24 193789.2273 106444.2182 10.00001195 94.32821614 59.49486304 40.82332203 20.2950108
02-Mar-19 15:42:45 195203.0497 106419.4829 7.59570203 124.7344041 171.1350602 94.59502915 19.55600375
02-Mar-19 15:45:06 193465.8482 106539.6639 7.477501386 6.960892334 108.5299343 97.69674642 25.35458831
02-Mar-19 15:47:27 193770.4652 106390.7913 9.201677035 168.717458 28.21221831 166.5753412 22.67788082
02-Mar-19 15:49:48 193805.5133 106419.0746 10.95847576 81.76758978 19.82373334 26.16292199 22.80886856
02-Mar-19 15:52:09 195706.2912 106491.9481 7.146267614 113.7037516 119.3162106 35.264266 19.63260442
02-Mar-19 15:54:30 192245.8547 106507.9024 7.064537724 63.20327674 113.719961 73.04318779 19.23603541
02-Mar-19 15:56:51 192672.4359 106335.0254 7.420516377 44.97110069 74.08257455 150.1606216 25.13400633
02-Mar-19 15:59:12 192959.6464 106406.9267 9.552193191 161.4358938 157.1292152 54.98142475 24.1296461
02-Mar-19 16:01:33 193753.6652 106573.3365 7.312642285 82.94590222 51.1145139 69.55382691 23.18747383
02-Mar-19 16:03:54 194897.8748 106535.8383 8.088935869 29.66784331 23.88355218 39.23338621 19.15762113
02-Mar-19 16:06:15 195786.8028 106500.6379 9.826026411 36.56426766 30.47779283 17.74271946 24.6618311
02-Mar-19 16:08:36 193129.6955 106411.0347 10.78745384 114.3310574 113.6357376 129.9849795 25.42648023
02-Mar-19 16:10:57 194094.3719 106334.0852 7.314330796 168.4079964 82.44795626 46.16761404 20.72377029
02-Mar-19 16:13:18 196832.4469 106500.7815 10.41967895 3.280870159 119.1250386 143.1754759 27.56196773
02-Mar-19 16:15:39 192963.4507 106364.7111 8.118358765 160.4089069 143.7697868 84.67481849 16.43476904
02-Mar-19 16:18:00 195747.0577 106391.385 8.15358153 128.7685501 48.94728231 140.3047531 26.41564353
02-Mar-19 16:20:21 197509.9239 106528.2523 8.767488851 105.8541254 90.11291957 61.42999828 26.80409863
02-Mar-19 16:22:42 195681.7053 106335.1668 7.848695961 164.2072035 148.6807227 39.84477323 18.70341422
02-Mar-19 16:25:03 193772.0919 106477.2704 10.31165569 56.47889461 179.5218851 124.5168123 16.90029912
02-Mar-19 16:27:24 196264.7986 106323.4443 8.680775668 176.2773136 21.72066472 81.41435007 21.43085603
02-Mar-19 16:29:45 195622.6669 106489.9209 10.70006412 162.5377673 59.12424364 82.06035914 17.485569
02-Mar-19 16:32:06 194058.6303 106517.4586 9.981561463 145.2984152 28.29447883 114.1730131 17.41101505
02-Mar-19 16:34:27 196739.2368 106547.7795 10.0761237 126.1764886 100.4759001 138.7672537 19.86446604
02-Mar-19 16:36:48 194461.0255 106530.1595 10.99570664 173.8627791 63.04998838 169.0093816 26.97801454
02-Mar-19 16:39:09 195901.5836 106473.5481 8.168032888 138.4475181 18.02180029 143.1977627 22.38477722
02-Mar-19 16:41:30 194922.4914 106516.9088 9.934524495 91.35290464 6.650460226 144.3079793 16.20620972
02-Mar-19 16:43:51 193422.1424 106458.4422 10.92139249 115.8315222 111.8472345 164.4285672 23.76065981
02-Mar-19 16:46:12 194487.3104 106498.7188 10.78548087 91.1784203 99.98100999 34.2012897 23.29471281
02-Mar-19 16:48:33 195641.3774 106457.124 7.007876452 144.6875576 119.1355116 53.30088567 28.71340488
02-Mar-19 16:50:54 193706.9179 106418.8997 7.731815564 151.9318137 79.60536172 23.8751068 16.15534267
02-Mar-19 16:53:15 197422.2363 106551.8678 10.65416062 125.7902273 28.50205012 93.41831423 23.83982321
02-Mar-19 16:55:36 196764.7976 106367.3141 9.758714112 121.0007654 44.87322033 62.80215051 20.62339304
02-Mar-19 16:57:57 197119.3008 106482.7577 9.864278356 152.8680483 68.65197573 130.5252978 26.35662894
02-Mar-19 17:00:18 193086.1403 106423.334 7.297177653 25.51224472 72.46227445 112.4055272 22.99202133
02-Mar-19 17:02:39 193985.1013 106332.442 9.06591444 155.6928259 62.07137495 69.36413543 19.56936622
02-Mar-19 17:05:00 197641.8045 106391.6437 10.80644651 75.39394536 46.91764284 158.9097843 24.24871171
02-Mar-19 17:07:21 192292.0679 106382.3231 9.80959088 162.018875 52.87639331 20.00045238 20.75266631
02-Mar-19 17:09:42 193064.4727 106558.195 10.74929425 143.2364391 93.21798862 152.9931529 16.68099009
02-Mar-19 17:12:03 196281.0612 106324.6271 7.294216339 27.91833054 58.54409554 128.0026017 20.84780841
02-Mar-19 17:14:24 193241.7393 106543.2852 7.757929909 136.8086153 67.7812446 9.370854071 17.42983809
02-Mar-19 17:16:45 195937.0855 106482.3706 8.793313267 13.00242306 95.41746081 178.9926251 18.1439246
02-Mar-19 17:19:06 193968.6287 106566.8517 10.32393083 92.59970209 96.35402991 70.923658 19.96480556
02-Mar-19 17:21:27 197105.3993 106328.6455 10.82715277 154.6921271 116.4934761 134.0299626 21.77024548
02-Mar-19 17:23:48 197868.2907 106388.9744 10.32625425 92.79275736 37.4854561 111.2699264 17.39490354
02-Mar-19 17:26:09 195990.0846 106353.0659 7.742612998 3.20115206 109.5059597 38.94703278 27.09573282
02-Mar-19 17:28:30 194995.7858 106495.0825 9.088648996 140.5819776 37.84026375 113.1791203 18.753739
02-Mar-19 17:30:51 196738.0029 106446.6095 10.43858208 53.72703779 103.8266784 71.2498725 23.51860104
02-Mar-19 17:33:12 192423.4554 106416.078 10.63183483 123.7965129 155.5005269 173.9764343 25.50411203
02-Mar-19 17:35:33 192080.1382 106541.3256 7.288305615 93.2107688 62.05302472 18.16241594 19.8172301
02-Mar-19 17:37:54 195888.4302 106384.2185 10.2346523 89.23705255 96.12909934 78.76512206 27.38991055
02-Mar-19 17:40:15 194652.9845 106536.2793 9.675522324 109.6111824 128.1799396 156.6791061 23.95504553
02-Mar-19 17:42:36 196559.6131 106362.9094 7.448991398 94.65552837 165.399392 94.0270239 18.26811727
02-Mar-19 17:44:57 192979.598 106426.4314 7.025426077 23.391679 97.01763813 177.8475683 23.26387262
02-Mar-19 17:47:18 194283.6214 106568.2204 9.17248124 95.38312801 80.97564662 59.91700193 26.64918772
02-Mar-19 17:49:39 196906.124 106559.8565 8.785226279 19.82984675 154.0996371 20.5568288 19.06760381
02-Mar-19 17:52:00 195674.3635 106526.4787 8.678653403 35.97093797 71.65010013 25.15634789 21.25269666
02-Mar-19 17:54:21 196562.0372 106371.9438 9.766829357 17.37978685 125.6356562 45.40566663 22.5966413
02-Mar-19 17:56:42 192324.5218 106407.7765 10.58206685 39.9850674 142.2096777 14.59364465 25.79245843
02-Mar-19 17:59:03 193454.4256 106514.1902 7.276104253 121.8647578 114.9151104 51.27683247 25.19673776
02-Mar-19 18:01:24 197445.7108 106405.9879 8.827691849 69.15242732 133.8972522 102.8808741 20.21175253
02-Mar-19 18:03:45 194809.4655 106392.7475 9.207036176 138.8757909 97.36970647 50.32782097 21.47882881
02-Mar-19 18:06:06 193117.2908 106409.8214 9.732866796 36.90388364 2.930063744 137.9798331 21.86962156
02-Mar-19 18:08:27 193083.0286 106418.8265 8.563708184 21.88733576 174.8988717 94.06094033 27.74854209
02-Mar-19 18:10:48 194925.6337 106402.4207 8.69654278 165.3213015 93.07154523 83.07227731 26.63354823
02-Mar-19 18:13:09 194830.6777 106566.3692 7.435091912 74.18153835 152.2572485 129.0396899 27.86420475
02-Mar-19 18:15:30 193932.384 106359.9309 9.65011169 6.978013169 78.13375371 4.81570665 22.91594683
02-Mar-19 18:17:51 194877.3979 106398.9734 8.786431869 61.74916533 96.1648909 162.6569389 20.88872076
02-Mar-19 18:20:12 197538.4599 106406.7352 8.387233302 45.15979489 63.57068079 124.5942449 23.75461876
02-Mar-19 18:22:33 193552.5459 106514.821 8.953947239 62.2840717 176.4080427 63.72710904 16.06597475
02-Mar-19 18:24:54 193369.2672 106412.3925 8.214250667 125.7477811 62.09419147 14.16251081 23.19692401
02-Mar-19 18:27:15 192679.1544 106465.5539 7.60607019 167.3033887 2.430615755 42.54354688 28.90371229
02-Mar-19 18:29:36 192856.3946 106436.8289 7.144135203 82.86633888 154.0766326 91.71125122 19.17657358
02-Mar-19 18:31:57 193641.4217 106357.1541 9.70999959 120.2545065 168.9580295 153.7024518 16.74294023
02-Mar-19 18:34:18 194234.3838 106517.6801 10.53985626 0.928231988 142.2732269 135.9980652 21.00748258
02-Mar-19 18:36:39 195768.9332 106349.15 8.281529406 79.12449262 162.4491618 98.19498076 18.55821055
02-Mar-19 18:39:00 192899.2781 106403.3287 9.279245278 73.79252925 40.05901193 33.0244309 20.92091029
02-Mar-19 18:41:21 197757.9206 106540.4457 9.307135634 24.37634688 172.0842458 113.8393148 17.18353516
02-Mar-19 18:43:42 194468.2749 106430.6466 9.545629441 0.652609502 103.5875014 96.90877375 22.96795294
02-Mar-19 18:46:03 192654.729 106513.1394 9.164324296 96.20296617 134.9257003 40.08244975 27.17697844
02-Mar-19 18:48:24 195184.6441 106519.6633 7.980081066 32.12827099 34.60180066 58.29894174 22.46968428
02-Mar-19 18:50:45 197611.2687 106429.3656 8.345703353 63.39588557 135.4255096 50.37457473 28.6075619
02-Mar-19 18:53:06 194413.0968 106323.6506 10.51542899 2.353305182 119.7035425 47.40738673 23.66535515
02-Mar-19 18:55:27 193919.8359 106433.738 10.78816678 159.6649611 81.00443582 67.41265193 27.83659359
02-Mar-19 18:57:48 196560.4822 106383.0157 9.50800939 154.8266518 98.09014348 114.3052341 28.10871082
02-Mar-19 19:00:09 192099.2053 106351.8758 10.03610451 88.15125091 89.24359515 23.85583128 27.4487181
02-Mar-19 19:02:30 196869.6806 106476.4116 10.1907587 12.88708383 78.33685344 82.72401966 17.26495905
02-Mar-19 19:04:51 194133.4846 106450.5624 7.779432629 117.3466953 60.87663835 29.73014191 21.37584013
02-Mar-19 19:07:12 196497.3136 106338.9274 10.90358172 55.50065651 102.7741365 21.63403825 17.49497004
02-Mar-19 19:09:33 197490.2235 106393.9889 9.739238666 13.59058319 140.8038885 158.0958206 17.87304929
02-Mar-19 19:11:54 197131.6388 106486.5538 8.762033876 161.8900773 123.2237107 102.2126804 23.74978938
02-Mar-19 19:14:15 195826.506 106439.3693 8.422134229 88.63765947 69.94298784 117.9774977 25.48888667
02-Mar-19 19:16:36 197137.7166 106557.2413 8.814607211 20.97172121 173.9940457 138.5589255 27.49065099
02-Mar-19 19:18:57 192058.4255 106441.7522 9.38381722 152.9378997 157.2392304 18.36092768 24.23405422
02-Mar-19 19:21:18 196539.6689 106434.8911 10.07657945 79.31419946 11.02655466 78.54719624 16.77846855
02-Mar-19 19:23:39 195282.5669 106516.827 8.50388996 4.442773773 93.16345171 79.8699219 16.23151633
02-Mar-19 19:26:00 197030.6673 106453.1319 8.763617851 138.5182134 98.10482645 53.25517893 25.90140229
02-Mar-19 19:28:21 194487.8521 106395.254 10.82690717 85.16829232 159.6272206 34.88302627 24.11787708
02-Mar-19 19:30:42 196206.0611 106367.3575 10.30784682 40.60943579 155.429332 27.74588541 24.8930215
02-Mar-19 19:33:03 192087.7781 106540.8641 8.313250613 92.1540398 130.2200267 164.0946646 22.51164174
02-Mar-19 19:35:24 193265.2327 106384.006 7.64312995 178.5755064 128.6756619 120.8818774 25.18654962
02-Mar-19 19:37:45 193530.9498 106549.2126 7.004611584 174.9777476 139.6708116 177.0467372 20.85060162
02-Mar-19 19:40:06 195225.3515 106398.5517 7.028797746 22.03305448 138.7219525 60.43619816 27.22615279
02-Mar-19 19:42:27 192534.9661 106411.0291 8.129674667 67.17541291 122.0326402 176.7689947 26.30148312
02-Mar-19 19:44:48 197301.4937 106463.3288 8.655288571 128.8892775 20.19472016 83.24882013 20.53398635
02-Mar-19 19:47:09 196384.8248 106480.8089 10.90670054 34.50326663 61.20534562 41.07012601 28.11972074
02-Mar-19 19:49:30 193508.6305 106327.3841 10.87559734 16.71719488 77.01319225 85.87746171 24.22567295
02-Mar-19 19:51:51 197824.5486 106444.4916 9.01522543 0.505566077 99.91881741 4.45038084 24.63434883
02-Mar-19 19:54:12 192192.1964 106487.8094 7.187914383 148.6839104 2.757268981 106.3214045 23.9972167
02-Mar-19 19:56:33 193969.7601 106382.93 9.921782055 173.6004638 152.4578981 8.797268474 27.67078308
02-Mar-19 19:58:54 196891.6641 106526.044 9.828578614 132.5579269 115.2338544 81.56623127 27.6305339
02-Mar-19 20:01:15 194274.7847 106356.858 10.98444746 111.1944271 22.97652322 51.90652527 20.53953957
02-Mar-19 20:03:36 197533.4964 106401.0785 10.84666881 25.82695142 51.9335183 145.4510246 24.16438923
02-Mar-19 20:05:57 195060.9035 106462.9673 8.267713044 116.7555826 11.7150897 110.5431778 17.66782777
02-Mar-19 20:08:18 197208.514 106421.2384 10.05145999 152.8332184 36.65650273 115.516976 24.8209784
02-Mar-19 20:10:39 196282.1237 106412.3944 7.176440103 39.87888549 90.94958365 12.58333576 24.90527981
02-Mar-19 20:13:00 195599.3424 106475.5339 10.79913232 143.395116 16.61570813 140.6840994 27.93364931
02-Mar-19 20:15:21 196722.1986 106529.7984 8.388513463 28.57146517 128.6805556 71.27676044 26.87508773
02-Mar-19 20:17:42 192293.2056 106542.6252 8.449624135 163.1342177 170.7790269 156.8884363 19.61171275
02-Mar-19 20:20:03 195432.9458 106378.6644 7.406415332 93.09151519 58.99087223 124.3817083 26.27698791
02-Mar-19 20:22:24 194982.533 106572.8142 8.70604303 10.51337556 149.9140095 68.91677093 21.38803145
02-Mar-19 20:24:45 194511.8192 106325.8838 7.726726686 49.05847514 155.5133053 180.3279965 24.90257348
02-Mar-19 20:27:06 197597.4688 106375.5328 7.480541177 146.3084619 117.2836328 62.1036677 19.36310897
02-Mar-19 20:29:27 192844.0195 106511.7661 7.767664767 148.2076036 142.5109965 180.4860903 22.20347868
02-Mar-19 20:31:48 192156.289 106536.4924 7.80524745 86.21605189 163.1255702 92.74954879 24.8045196
02-Mar-19 20:34:09 194525.8629 106514.9942 7.082087235 173.0136535 95.67987809 156.0286717 21.87103615
02-Mar-19 20:36:30 197354.0234 106473.5543 7.287731383 74.67177887 88.82815336 138.4442407 26.17075246
02-Mar-19 20:38:51 193911.5999 106378.0574 9.09456452 168.3400194 108.0678393 119.7644385 24.28275504
02-Mar-19 20:41:12 196727.8791 106463.2797 8.737154955 141.5168275 133.8090701 102.2528406 23.45861275
02-Mar-19 20:43:33 194495.5652 106471.9447 8.099700679 105.6141519 37.64687034 126.1311194 16.97510143
02-Mar-19 20:45:54 192934.0194 106324.677 10.07640114 53.65679585 62.87405725 30.89787064 24.12329738
02-Mar-19 20:48:15 197187.3727 106332.154 10.64035426 29.85228708 92.88402458 145.0707285 20.43141181
02-Mar-19 20:50:36 197912.8231 106520.5301 7.006711864 96.22764237 164.7754268 96.52518804 21.2998741
02-Mar-19 20:52:57 195238.0387 106542.8913 9.685412307 67.68249568 5.737490416 69.14590058 25.18068955
02-Mar-19 20:55:18 195422.7877 106492.3402 8.222550257 31.27814367 160.3724013 180.2677773 20.28564337
02-Mar-19 20:57:39 193937.7242 106546.1131 10.36782234 156.6102068 152.4256047 41.03750063 17.56171763
02-Mar-19 21:00:00 194893.6298 106577.3457 8.62249897 95.46888309 138.8781293 79.71021681 16.57472599
02-Mar-19 21:02:21 196303.8143 106536.9975 9.434549708 160.8108624 26.84579042 35.50713938 26.53736959
02-Mar-19 21:04:42 192976.9843 106382.7595 9.485009579 73.41671296 32.81844863 128.092508 17.11422148
02-Mar-19 21:07:03 193026.6785 106572.2931 7.490857025 54.81303304 91.2881728 172.7713918 18.50611532
02-Mar-19 21:09:24 197329.114 106358.4244 7.103427402 9.272957172 49.63337945 136.7863313 19.1947625
02-Mar-19 21:11:45 195500.3249 106384.2594 9.730148222 36.20329933 82.17498365 158.3247454 28.57873474
02-Mar-19 21:14:06 197077.9698 106460.2108 9.508612045 90.39011471 172.8820463 52.66574503 25.94842658
02-Mar-19 21:16:27 197705.7843 106342.4164 8.526224376 89.15772951 128.175912 82.04614997 24.66547365
02-Mar-19 21:18:48 193613.1021 106479.9507 7.691336207 111.5029923 16.83945141 14.76729405 25.47425584
02-Mar-19 21:21:09 192829.1132 106365.8327 9.258650969 85.79679781 151.4303736 57.48269418 28.47679949
02-Mar-19 21:23:30 195660.4141 106326.2465 10.12034843 16.85738144 38.19905803 47.47151931 24.55714583
02-Mar-19 21:25:51 197114.8576 106428.1586 7.518363306 22.10942212 58.25042261 30.56540409 22.76939419
02-Mar-19 21:28:12 192459.924 106575.9254 7.900546491 154.6396869 85.10032413 126.0278078 28.32220418
02-Mar-19 21:30:33 197103.7707 106540.2787 7.108679322 156.5771775 12.20372076 99.43406248 19.98564383
02-Mar-19 21:32:54 193018.9419 106550.4908 9.543761358 150.1091704 124.1636612 41.97280683 16.74763879
02-Mar-19 21:35:15 195384.6339 106545.3002 7.046544363 125.3449956 0.981408683 128.7732242 27.69570996
02-Mar-19 21:37:36 192924.4643 106361.1329 10.12442969 46.78396266 101.8579474 51.87671312 22.02710419
02-Mar-19 21:39:57 192870.2668 106377.0355 7.129630895 82.26966024 148.5902769 149.1971165 16.19967002
02-Mar-19 21:42:18 196717.4548 106569.3515 10.79701693 121.3094922 50.57960835 14.87678291 19.25481267
02-Mar-19 21:44:39 194274.6397 106565.8899 8.767541924 98.85881173 76.1580415 9.987549941 21.66827145
02-Mar-19 21:47:00 196210.9684 106395.3917 10.93712569 142.6694281 64.20885328 178.7688959 17.40488123
02-Mar-19 21:49:21 196176.3661 106381.5847 7.383153744 80.77254445 37.74142282 103.7527415 25.28607002
02-Mar-19 21:51:42 196865.3515 106381.1715 10.83706867 22.41989845 15.09571316 147.3152819 16.95258178
02-Mar-19 21:54:03 192908.0213 106446.0454 7.399668477 94.54020791 165.2056654 4.815364404 26.47152424
